(
NM_022942.1:0.02631,
NM_009738.3:0.04451,
NM_001313861.2:0.16379);
